PUBMED
25741868,24033266,23757202
25741868,24728327,21799923
25741868,24728327
25741868,24728327
22085494
25741868
25741868
25741868,25032700
25741868,19488044
20386703,17701901
25741868
21708280,25741868,22938532,23072573,23720673,18191955,18854777,19442035,21787192,22992668,23175176,23946381,25452763,27618021,18414213,19902366,26135929,21935354,25491747,27057306,25741362,18709642,18830263,16465622,25231222,27053949,20150366,18544627,21750170,22493747,25340731,26339355,26681190,26760766,26967386,27246533,16857995,19109789,19124499,22430443,24756092,18701435,18711149,18838045,19270000,19706757,21426550,21622940,21700777,23108145,23335232,23482879,24904630,25311495,27460091,20141440,23982724,22927776,23407396,25391773,27246611,22666610,20061190,27571987,24534481,21324488,20056640,22902050,27660469,17498315,20106949,23400628,23436679,27669310,27847809,19434073,21047201,24093803,26655675,24382701,24736739,25337275,23852586,24886180,26767006,27588484,23659246,26918827,18053706,18394656,20601096,17991492,17079196,20887739,18771913,20616346,19022265,22382185
25741868,24939416,18414213,26681190,19029193,20106949,24382701,23659246,17079196
25741868,24728327,21750170,21622940,23407396,24487794,20616346
18414213
25741868,26760766,26967386,23776089,27660469,17498315
21093899,25741868,24033266,23757202,23946381,27608007,18414213,17267408,24728327,25491747,22174852,24086368,17119116,18830263,22703879,26811195,20150366,18701435,19029193,21700777,22594646,19781088,23913011,19389263,20149637,24039736,20805886,20967208,26900293,24689082,18523027,19930554,17870204,18723338,19665066,20056646,20063070,20473912,20860725,21156845,22136435,22740958,24292105,25986311,26275295,12624141,17374836,19203531,25938433,23852586,26761715,22763379,27630279,23755158,16963262,20864636
21437268,22674868,23430454,25133033,23720673,27688118,22052802,24658182,26190809,27270457,27792995
16685648,21940907,18996923,21926110,23149980,26937962,18936436,18056758,18331377,19262484,19698717,19826048,20100738,20505153,20585100,20833657,21083667,21338875,21351086,21372407,21437268,21467728,21576033,21900886,21917409,22301922,22507220,22560290,22640768,22674868,22675424,22806211,22865593,22930414,23088731,23430454,23629646,23969552,24277619,24633362,25045619,25047496,25133033,25411394,25543168,25573768,26125444,26284938,26542604,26825972,26827895,26992901,27038040,27294413,27827401,27927211,27986911,27991683,26044620,10090900,12050823,15863807,17185388,17273965,17718394,17923853,19193628,19298322,19526455,19861527,20336794,20810466,21143251,21303386,21635275,22048268,22325912,22331481,22363810,22655231,22978509,23720673,23895337,24114820,24735490,25266489,25433705,26091847,26849558,27233804,27688118,15911586,25639971,16255080,19737746,20332099,20089146,21592108,18518925,22332091,22144473,19687126,23166662,26588883,26924531,22662130,22052802,21807602,20700531,26396927,23701534,23176670,21168396,2398055
21121051,17273965,20101753,24735490,18852891,15642852,25527893,23516558
25741868,23940558,25324626,22532847,23757202,17267408,20844743,18708403,16569251,20333795,20510605,21995949,27028212,27087319,27217144,15768050,17221838,18849522,21279955,26092435,28010732,20434453,24666523,24403877,26511139
25741868,23940558,23757202,24078348,20844743,16569251,20333795,21995949,27028212,27087319,27217144,18849522,14616385
25741868,23940558,14724163,23757202,20844743,16569251,19777185,20333795,20510605,21995949,24861525,27028212,27087319,27217144,27898031,26092435,28010732,28243320
25741868,23940558,25324626,23251617,14724163,18547414,23757202,20844743,16569251,20333795,20510605,27217144,15768050,17221838,26173102,28010732,24403877,16169467
25741868,23940558,23757202,20844743,16569251,20333795,21995949,27087319,27217144,14616385
25741868,23940558,21819567,14724163,23757202,23946381,24078348,20357209,20844743,18708403,24728327,22703879,25372392,19619005,18992263,16569251,20333795,20510605,21995949,27028212,27087319,27217144,17221838,19453261,14616385,11221825,17556698,18375958,20149637,20301519,23159591,23576677,24039736,25941542,26809274,28010732,22528324,25243319,18343606
25741868,25324626,23757202,20844743,16569251,20333795,27087319,27217144,15768050,17221838,14616385,25941542,28010732,24403877
21708280,21995669,15726497,17327408,17355643,18633131,19066394,21867552,22615793,22905743,22957039,23144702,21315679,17705862,19956106,19956109,27454254,17135570,16832637,23055793,15660293,17303794,18075513,18614543,19554022,19578876,19956101,20606885,21050946,21320344,21349879,21613309,22197932,22355322,22357570,22432974,23663310,23886662,24069534,26255310,26986948,27708669,18676870,22113576,19356949,23267696,21324477,26540500,21333900,27570418,16449530,20952689,22180854,19773451,20015396,20418110,20811626,22844404,24502445,26667837,26870349,27725770,27411394,21103062,20417488,21659657,25587543,22201026,23200760,22649007,20662065,18687755,20112337,20211558,21858135,25903422,18778477,22075330,20406895,18186920,20403202,10699178,12928861,15356556,15483090,15711639,16024651,16702372,16759385,17346294,17561245,17615386,18006935,18056382,18410415,18417506,18846228,19169254,19254294,19262574,19533685,19706623,19759553,19796199,19840389,19956102,20159242,20298583,20332709,20358028,20484924,20860503,20885906,2095319
25741868,23757202,18414213,18001468
25741868,23757202,18414213,18001468
25741868,23757202,18414213,18001468
25741868,23757202,18414213,18001468
25741868,23757202,18001468,27834868
.
25741868
25741868,23757202,24689082,25741868,23757202
22523087,24728327,27900359,22703879,26811195,21487324,22594646,26900293,24689082,18723338,24027009,28122645
25741868,23757202,25537509,24728327,22703879,26811195,15256438,16619,10479499,16472587,20205264,19389263,26900293,24689082,15448003
25741868,23757202,15256438,16472587,20205264,19692168,26900293,182681,8993976,19132747
.
20565774,22024213,19379518,25741868,24944790,22742565,27608007,19622587,21791631,27897268,25537509,24728327,20935157,19372140,25396734,27376129,27502069,22552271,22117530,17956637,19102716,19190167,21292812,24819665,17875215,22199994,25511740,24945674,20303520,23551418,27651941,7937865,8466482,19636371,21604062,22258528,19201048,23790025,25910966,25506224,20222160,24454509,23555641,24629097,18544172,19307027,18995924
25741868,22300735,25396734,17956637,23350658,23790025,24454509,23555641,18722874
19372140,25396734,17956637,22199994,26550313,24454509,26909593,23555641,22536362,17626639,21869887
25741868,17053076,19002214,23757202,22383989,19252927,25203738,21543897,21970370,25416047,27813498,19500853,22104167
25741868,17053076,23757202,20011629,23613720,22383989,21543897,21970370
25741868,18414213,18978339
25741868,18547414,24244950,24756092,18978339,22279548,27571987,27667302,18513681
25741868,18194558,22792358,24244950
25741868
25741868,18194558,22303384,24728327,18830263,16857995,22430443,23619945,17366557,18978339,19945966,23334603,18312663,27863399,24799429,16405962
25741868
25741868,26839764
25741868
25741868,23757202,27247962
.
25741868,23757202,24728327,27247962,18716613,18616953
24200957
25741868,23757202,24728327,27247962,18716613,18616953
25741868,23757202,27247962,18616953
24728327
25741868,24728327,18716613
25741868,23757202,27247962
.
25741868,17618707
25741868,23757202,24728327,22703879,21811255,19937600,20583170,24073265,20346027,22221699,27825128,22677152,26893459,24260604,27081528,23826113
25741868
25741868,19937600,20346027,18538319
25741868
25741868,23720673,18854777,19442035,23175176,23946381,25214541,27655273,18414213,27896277,22454423,16465622,18990748,21750170,22493747,27465648,27895494,17687452,18711149,19029193,19270000,21195504,22336945,23335232,23482879,24904630,27460091,20957144,24642895,26159902,27335251,22044695,18992263,23407396,21751184,21811255,20061190,21129811,15598786,16513681,20056640,27460688,27622501,25520562,23852586,27588484,25913378,20864414,20557883
25741868,24033266,16114042,17304050,27143073,16400609,10363127,102273,9328481
25741868,24033266,16114042,24728327,22703879,20658316,93284,10363127
18091754,17267408,10090908,20532249,19138047,15759212,22312249,24897126,8001158,10521317,10528857,10922382,11950855,16091499,18284634,20123584,20454948,21349203,23059849,23084198,23527089,22584707,24651702,26102504,15744028,16443855,22648184,18436345
25741868,23757202,20532249,25310821,24897126,20454948,21349203,23084198,12872262,16424056,18820179,21821672,22035350,27533506,22584707,24651702,27442016
20565774,22024213,19379518,24033266,20532249,19138047,8084609,22312249,24897126,25330015,25736215,21349203,23527089,26829565,22584707,24651702
25741868,17705862,16385451,27576518,18311812,20921521,21157294,25215106
25741868,20729852,22865593,26125444,25687184,22001756,27186304,22740136,24884822,27038471,26659608,22960999,22323360,25431829,25139097,27383248,24867265,28382133,28418898,25992311,22359309,22119081
25741868,20729852,22507220,22865593,23629646,25133033,26125444,26770579,26891331,16385451,25731870,27127881,25687184,26760766,27186304,26176862,26683024,22412849,22740136,23981775,24884822,27038471,22960999,22323360,27061602,25129146,25431829,21642993,23151416,21427165,21689432,21837401,22203178,22744421,22805490,23222411,23390063,23688607,23797815,23975622,24127316,24152165,24254309,24496148,24737582,24863943,24874112,25139097,25614244,25658482,26078291,27383248,24069371,25008389,28220687,24867265,25434319,28382133,23077637,28418898,28031722,25992311,25057494,27603140,24061039,22119081
25741868,24033266,23757202,20569235,16372351,16835863,21400687,21834037,22618666,24259709,25914166,20824047,18783589
25741868,17267408,15687485,19914700,20038731,20368538,20644087,21189390,21372155,21659357,21760594,21798259,22015946,22506617,22568493,22895555,23070125,23117548,23550990,23956224,25553291,25841655,25932444,26224397,26358501,26499507,26644203,26725263,26992216,21873548,25794157,26315090,27528035,23826732,26622765,23146058,23936694,22566607,23484026,22437966,27197573,23176617,27689396,21242187,23727413,24036946,22966788,24127439,21912256,26941285,26807256,26046002
.
25741868,23757202,24728327,22703879,26307114,564891,9215689,18775714,27185868
26307114
25741868,25938168
25741868
.
24728327
25741868,27035118,26153892
21860704,19474294,19878569,25741868,20416077,22010049,26174136,21862702,21094359,21647738,21931794,21937998,24728327,22529894,26977395,27035118,18498634,24309190,27051588,24365473,21918647,20686565,24097068,21943158,25302496,21498636,26209006,18439552,21998633,25050552,24062323,25376095,12453420,12788852,18332101,19490620,20031592,21195701,22569176,24933231,28035729,26791180,26551672,26153892,20394740
25741868,27035118,28035729,25057215,26153892
25741868,24763700,24728327,18599530,18439552
25741868,19276285,19902366,18830263,19692168,21161372,27478808,16857995,19644020,20807450,21987080,21346221,22684231,25304112
25741868,24033266,18414213,27478808,22684231
25741868,24033266,18414213,24728327,22703879,23961350,22995991,22684231,17341484,23469205,17289875,11241844,19030985,20010525,21504591
25741868,18414213,27478808,22684231
25741868,18830263,21161372,27478808,16857995,22430443,19644020,20807450,17428325,21356067,21987080,19471317,22684231,25304112
25741868,24033266,24728327,27900359,27478808,23961350,27698805,8665505,22684231,26092435
25741868,18281541,19258477,24947332,23757202,16685266
25741868,19442035,22761669,23175176,25452763,19661089,17299578,19536092,22493747,26339355,26967386,24615519,26820236,27019310,27235448,27698911,23407396,25391773,20233728,27929383,22108238,25520562,20531418,19157633
24728327
24033266,24728327,15082767
25741868,24728327,27456991,15911145,15579207
25741868,20357209,24728327,19138047,27456991,22147956,15911145,22313426,25531179,20437249,15579207
.
25741868
24728327,19404734,27679546,24344301
25741868,19404734
25741868,24728327,27331020
25741868
25741868
25741868,24194833
25741868
25741868,22401137
25741868,22401137,26382192
25741868,26967386,23407396,23415627
25741868,23720673,18191955,19318433,19902366,24728327,24949630,18709642,19252927,20150366,17299578,18544627,18990748,21750170,22493747,23166636,26339355,26436406,19109789,18701435,18767034,19029193,21700777,24904630,27460091,23982724,22028341,21423097,23911298,23407396,22848636,25023197,26872740,22768293,19124519,23852586,18721846
25741868,26263974,23720673,19902366,17299578,21750170,22493747,26967386,19706757,21622940,20957144,23407396,24487794,20061190,22768293,21737503,26888738,23720401,24353636,26918827,20864414,20557883
.
20505153,20585100,21514219,21869864,27424552,18772892,21844186,22357627,23535729,23535733,24025454,24771903,24895409,24941967,25253900,25255808,25611573,26070784,26510858,26884359,27392074,27814745,20530438,24879036,26822197,17529967,18681954,18708391,20554749,20605201,22045194,22087758,22726230,22867275,24218030,22332084,19304784,18326623,20484103,26835600,20699374,23635555,21194473,19454617,21060860,22972951,25956309,22433456,23270421,27806084,18437204,22053997,25526632,21596841,22452962,24743323,25139936,22747683,21852243,20453838,21445572,21795501,22314178,23544014,25027274,21829388,19094228,22778704,19330030,21132113,19789366,19219042,21949660,17997823,18355772,18612136,18785201,18973230,19088016,19092773,19232126,19567422,19607694,19931039,20054709,20056641,20146796,20237344,20718042,20956782,20957429,21037853,21049069,21102626,21118973,21197568,21415360,21475998,21639959,21791674,21965274,22028405,22269215,22454379,22532573,22910930,23577780,23893088,24373701,24792587,26770289,26803517,27572905,2300112
25741868,21686129,27192129,20632448,21356067,24684952
25741868,23554684,17267408,24728327,24045675,19012493
25741868,24728327
25741868,24033266,23757202,19116017,14627671,28222720,23386036,17133269
25741868,24033266,17668375,21354044
25741868,24728327,22703879
25741868,21822267,22986143,22415235
25741868,19276285,27415837,21356067,20693321,19935797,23473757,23644138
25741868,19276285,24728327,20150366,26901225,15113441,19138047,21356067,19935797,23473757,23644138,19127258,26921362,17504528
25741868,19276285,21356067,17342202,19935797
.
25741868,25452763,19902366,21976407,24701578,18709642,18544627,21750170,26967386,22479369,26627042,23719583,23973201,23407396,20061190,15834925,18374504,19022265
25741868,25075970,25214541,19902366,21976407,27099827,18709642,21989229,18544627,18635523,19536092,21750170,22493747,22740911,23147699,26001533,26253951,26264164,26967386,19124499,16212814,22479369,23028453,23482879,26130668,23407396,21042317,19257887,18815927,19458053,22579466,25391773,26261061,26349749,27246611,27888704,23593158,25932258,28514298,26767006,25209371,25951169,17498557,19736055,18358500,15896456
25741868,18414213,21255467,22949514
25741868,23757202
